s3.txt 落笔笔画数: 3
source_bbox: (3365.0, 10001.0, 11837.0, 13629.0)
target_bbox(from s3.png): (263, 786, 933, 1074)
scale_x: 0.07908404
scale_y: 0.07938258
